-1.601890777237713337e-03
7.661169394850730896e-03
-2.080510836094617844e-03
-2.808370627462863922e-03
-4.113886505365371704e-03
4.298445768654346466e-03
3.109188517555594444e-03
6.013662554323673248e-03
-2.087983069941401482e-03
-7.378777954727411270e-03
9.933001361787319183e-03
5.919452756643295288e-03
7.126757409423589706e-03
3.471348900347948074e-03
3.232149407267570496e-03
-7.205137051641941071e-03
1.667460240423679352e-02
3.857624484226107597e-03
-9.598000906407833099e-04
-9.100940078496932983e-03
6.358243059366941452e-03
2.047277754172682762e-03
3.624167875386774540e-04
-2.640754450112581253e-03
3.937349654734134674e-03
-5.766376852989196777e-03
2.772993640974164009e-03
2.470355946570634842e-03
-7.920199073851108551e-03
-6.202379707247018814e-03
7.005337160080671310e-03
2.604879206046462059e-03
-3.088208613917231560e-03
-7.612282875925302505e-03
1.803672173991799355e-03
-1.110799843445420265e-03
1.164754736237227917e-03
-4.617609083652496338e-04
5.143232992850244045e-04
-1.160966698080301285e-03
-1.262874808162450790e-03
2.140760188922286034e-03
-3.970903810113668442e-03
1.688098185695707798e-03
4.262338392436504364e-03
1.634000800549983978e-03
5.583441350609064102e-03
3.709727432578802109e-03
-9.244612418115139008e-03
