6.965517997741699219e-03
-4.276561550796031952e-03
1.588132418692111969e-02
4.194893874228000641e-03
-1.065828744322061539e-02
-5.899387411773204803e-03
-3.338338807225227356e-03
-4.750783555209636688e-03
-4.184888210147619247e-03
2.643716894090175629e-02
6.279583321884274483e-04
1.182024949230253696e-03
-3.490810748189687729e-03
5.688830278813838959e-03
-6.517723086290061474e-04
5.011232104152441025e-03
-7.734782993793487549e-03
2.621986437588930130e-03
2.644555061124265194e-04
-1.211141818203032017e-03
4.885389003902673721e-03
-4.697477445006370544e-03
-1.032490632496774197e-03
-1.378905843012034893e-03
6.553301122039556503e-03
-2.814718987792730331e-03
1.135161728598177433e-03
1.230254536494612694e-03
4.848142620176076889e-03
-5.326158716343343258e-04
-2.002756576985120773e-03
-4.025424830615520477e-03
4.838752094656229019e-03
4.393057432025671005e-03
5.719641689211130142e-03
6.973838899284601212e-03
9.518506936728954315e-03
1.084118732251226902e-03
7.413423154503107071e-03
-6.403425359167158604e-04
1.846868872235063463e-05
6.165431113913655281e-04
6.072133313864469528e-03
-2.337553771212697029e-03
1.783119863830506802e-03
-3.444251837208867073e-03
-2.355748554691672325e-03
-6.063908338546752930e-03
8.319883490912616253e-04
