4.951437003910541534e-03
-1.677384250797331333e-03
-6.799928843975067139e-03
-3.650891594588756561e-03
2.073698118329048157e-02
-4.631605930626392365e-03
1.011939439922571182e-02
1.461469661444425583e-02
2.236712956801056862e-03
1.834026887081563473e-03
3.956165164709091187e-03
5.300112534314393997e-03
7.401796523481607437e-03
2.358534140512347221e-03
-2.137805568054318428e-03
-1.066186558455228806e-02
1.070600468665361404e-03
6.101494655013084412e-03
1.684073824435472488e-03
-3.594685578718781471e-03
6.657224148511886597e-03
-4.804086405783891678e-03
-1.886121812276542187e-03
-1.840005628764629364e-03
5.756944883614778519e-03
-2.147107850760221481e-03
2.098398515954613686e-03
-5.016611539758741856e-04
-2.343798056244850159e-03
-4.499918781220912933e-03
-2.118805889040231705e-03
-1.644349074922502041e-03
-1.486446592025458813e-03
-3.733254736289381981e-03
6.694096373394131660e-04
-3.951040096580982208e-03
-7.639315444976091385e-04
4.572221077978610992e-03
3.487903857603669167e-03
-7.758829160593450069e-04
-1.575230155140161514e-03
1.013075932860374451e-02
2.600198844447731972e-03
5.644604098051786423e-03
4.477195616345852613e-04
-1.731935073621571064e-03
1.233264105394482613e-03
-3.099311841651797295e-03
-1.735574798658490181e-03
