1.105155115510569885e-05
-7.576918578706681728e-04
1.151494943769648671e-04
-5.221399478614330292e-04
-1.154567580670118332e-03
-2.902054111473262310e-04
-5.390981677919626236e-04
2.709513355512171984e-04
-2.095167990773916245e-03
4.227466415613889694e-03
7.229048060253262520e-04
-3.760121180675923824e-04
1.323489355854690075e-03
1.063014264218509197e-03
7.451426354236900806e-04
-7.904141675680875778e-04
5.013164991396479309e-05
1.476809266023337841e-03
7.448776741512119770e-04
-9.887255728244781494e-04
7.018528995104134083e-04
-1.429348048986867070e-05
3.688720753416419029e-04
-1.647508237510919571e-03
1.890085695777088404e-04
-1.284145284444093704e-03
-1.208690810017287731e-03
6.985748768784105778e-04
9.119783062487840652e-04
-3.833199152722954750e-04
-1.763668959029018879e-03
5.659807939082384109e-04
-5.000596283935010433e-04
-4.988876171410083771e-04
-3.010945511050522327e-04
-4.364380729384720325e-04
6.724821869283914566e-04
-1.623410847969353199e-03
-9.951451647793874145e-05
2.450832689646631479e-04
1.003452925942838192e-03
-8.862991817295551300e-04
-1.389416574966162443e-04
2.107407199218869209e-04
1.269064377993345261e-03
-1.400405453750863671e-04
-5.889580934308469296e-04
-1.372391590848565102e-03
-6.483102915808558464e-04
