8.320026099681854248e-03
7.741189561784267426e-03
2.962852362543344498e-03
4.084229003638029099e-03
-1.235298346728086472e-02
1.092085614800453186e-03
-8.726107189431786537e-04
2.839553635567426682e-04
3.087244927883148193e-03
2.608187729492783546e-03
9.833250194787979126e-03
7.606492843478918076e-03
4.843990318477153778e-03
1.264676335267722607e-03
7.715140003710985184e-03
-3.185717621818184853e-03
6.945948116481304169e-03
7.882199250161647797e-03
-2.509394427761435509e-03
-4.595023579895496368e-03
1.009489689022302628e-02
-3.806838765740394592e-03
-1.287349150516092777e-03
1.419941079802811146e-03
1.566287316381931305e-02
-2.075362252071499825e-03
7.305467501282691956e-03
1.906068297103047371e-03
-1.369139994494616985e-03
-3.369391895830631256e-03
-6.651700241491198540e-04
-2.423969795927405357e-03
-4.111924499738961458e-04
-4.029495175927877426e-03
1.000964362174272537e-02
1.501610735431313515e-03
1.512487698346376419e-02
2.385718515142798424e-03
2.831195248290896416e-03
1.030550356517778710e-05
9.322662372142076492e-04
1.405635965056717396e-03
2.322145272046327591e-03
-2.367583336308598518e-03
4.766315221786499023e-03
1.225292071467265487e-04
9.193183854222297668e-03
-1.212632516399025917e-03
-8.022584021091461182e-03
