9.319714270532131195e-03
9.508023038506507874e-03
-1.880542002618312836e-02
1.695995219051837921e-03
9.450782090425491333e-03
-1.631940715014934540e-03
4.678955767303705215e-03
3.989990800619125366e-03
-6.527927471324801445e-04
-8.310295641422271729e-03
1.348102651536464691e-02
6.427178159356117249e-03
8.151726797223091125e-03
5.289274733513593674e-03
6.422092672437429428e-03
-6.553534884005784988e-03
2.110609784722328186e-03
1.675065606832504272e-02
-2.288882620632648468e-03
-4.594346508383750916e-03
8.306684903800487518e-03
4.280304419808089733e-04
-1.414680300513282418e-04
2.429289743304252625e-03
9.731485508382320404e-03
-8.478836156427860260e-03
2.593402750790119171e-03
-1.839689211919903755e-03
-5.171175580471754074e-03
-7.650560233741998672e-03
1.528873690403997898e-03
-1.687551499344408512e-03
-3.745880676433444023e-03
-8.432451868429780006e-04
1.152053009718656540e-02
-3.250545414630323648e-04
8.416898548603057861e-03
5.553635302931070328e-03
3.618458285927772522e-03
-6.462153978645801544e-04
-2.189958700910210609e-03
2.936726086772978306e-04
-3.141131019219756126e-03
7.003425154834985733e-03
-1.130623044446110725e-03
-5.861361860297620296e-04
8.753009140491485596e-03
-2.527948701754212379e-03
-4.084011074155569077e-03
