7.290248293429613113e-03
-1.942097395658493042e-02
3.830106183886528015e-02
-9.058251976966857910e-03
-2.216826193034648895e-02
-7.709772791713476181e-03
-7.905212230980396271e-03
-9.935405978467315435e-05
-6.300491746515035629e-03
-5.584523314610123634e-04
3.249659668654203415e-03
7.356050889939069748e-03
-1.042119576595723629e-03
1.568976294947788119e-04
-4.213571548461914062e-03
2.022155094891786575e-03
1.871468964964151382e-03
1.924796146340668201e-03
-1.813470036722719669e-03
-1.079961098730564117e-02
3.912968561053276062e-03
-7.295667193830013275e-03
-8.257700828835368156e-04
8.398661157116293907e-04
8.712022565305233002e-03
-4.696079995483160019e-03
3.933012951165437698e-03
-2.585966372862458229e-03
3.663188777863979340e-03
-2.665077568963170052e-03
-1.067277416586875916e-02
-1.106891408562660217e-02
2.050948096439242363e-03
-1.230536121875047684e-02
7.490811869502067566e-03
-2.763487398624420166e-03
3.208062844350934029e-03
-8.975729346275329590e-03
1.552029163576662540e-03
6.963975611142814159e-04
2.384121529757976532e-02
-1.114183850586414337e-02
-4.668275360018014908e-03
1.139525265898555517e-04
1.385401003062725067e-02
-2.582161221653223038e-03
-2.943172876257449389e-04
-5.897083785384893417e-03
2.094979397952556610e-03
