9.335190989077091217e-03
2.586832037195563316e-03
2.181470859795808792e-03
1.457256614230573177e-03
-1.019369531422853470e-02
-4.142716992646455765e-03
-2.675161464139819145e-03
-7.186290808022022247e-03
-2.611357020214200020e-03
1.873931661248207092e-02
1.168788643553853035e-03
-1.788832130841910839e-03
-4.842090886086225510e-03
5.297260358929634094e-03
1.117181382142007351e-03
8.236569352447986603e-03
-8.832409977912902832e-03
1.887569902464747429e-03
-1.454126206226646900e-03
-2.423685276880860329e-03
4.718190059065818787e-03
-3.377799643203616142e-03
-3.051578823942691088e-04
1.137597137130796909e-03
6.770074367523193359e-03
-2.295088022947311401e-03
5.211977986618876457e-04
1.368784112855792046e-03
9.629390551708638668e-04
-3.673063765745609999e-04
3.433600359130650759e-04
-4.392422270029783249e-03
4.147141240537166595e-03
9.496578946709632874e-03
5.086076445877552032e-03
9.649565443396568298e-03
1.137223001569509506e-02
3.180833067744970322e-03
9.166595526039600372e-03
-8.603501482866704464e-04
3.222571394871920347e-04
1.371918362565338612e-03
5.187755450606346130e-03
-2.929554088041186333e-03
-2.177467802539467812e-03
-2.809298923239111900e-03
-1.027389895170927048e-03
-4.361179657280445099e-03
5.414439365267753601e-04
