4.000627901405096054e-03
-2.530511701479554176e-03
-7.291150745004415512e-03
-2.080866135656833649e-03
1.939918845891952515e-02
-5.002028774470090866e-03
1.198739092797040939e-02
1.437792833894491196e-02
3.326542675495147705e-03
2.254762221127748489e-03
5.681534763425588608e-03
6.013069301843643188e-03
4.172913264483213425e-03
2.603215398266911507e-03
-7.639016257598996162e-04
-1.180962473154067993e-02
-4.599064122885465622e-04
7.504981476813554764e-03
-5.096968379803001881e-04
-2.367898356169462204e-03
8.414814248681068420e-03
-1.895275549031794071e-03
-2.480392577126622200e-03
-1.077666413038969040e-03
5.411631893366575241e-03
-2.985950326547026634e-03
2.854982158169150352e-03
-5.815241602249443531e-04
-1.186528592370450497e-03
-4.866778384894132614e-03
-1.844314392656087875e-03
6.035628612153232098e-04
-2.275537932291626930e-03
-2.387736225500702858e-03
3.645548829808831215e-03
-2.062093699350953102e-03
-2.283037320012226701e-04
5.737996194511651993e-03
3.101229434832930565e-03
-9.657922200858592987e-04
-7.294688257388770580e-04
8.708323352038860321e-03
1.798794139176607132e-03
5.576325580477714539e-03
1.262941164895892143e-03
-3.341829404234886169e-03
1.224827254191040993e-03
-3.782909596338868141e-03
-1.753407414071261883e-03
