1.495191268622875214e-02
1.844756491482257843e-02
-7.200572174042463303e-03
-5.397534114308655262e-04
7.800214458256959915e-03
5.129228229634463787e-04
6.829703692346811295e-03
9.470995864830911160e-04
4.578950814902782440e-03
1.862117205746471882e-03
9.859886951744556427e-03
3.756794147193431854e-03
1.916888519190251827e-03
5.507131572812795639e-03
2.642069477587938309e-03
-1.079095806926488876e-02
8.505514822900295258e-03
8.823039010167121887e-03
-2.970616333186626434e-03
-4.508824087679386139e-03
8.083114400506019592e-03
-8.745286613702774048e-03
-2.103277016431093216e-03
5.772661097580567002e-05
1.002673059701919556e-02
-3.406365867704153061e-04
6.377313751727342606e-03
2.413448877632617950e-03
-9.342447854578495026e-03
-7.664288394153118134e-03
-1.212322968058288097e-03
-6.022685207426548004e-03
-2.062088315142318606e-04
1.929332065628841519e-04
9.298497810959815979e-03
3.835561452433466911e-03
9.185057133436203003e-03
3.675790969282388687e-03
6.768332794308662415e-03
-1.440617372281849384e-03
-1.531999558210372925e-03
8.177426643669605255e-03
3.210774390026926994e-03
2.497943816706538200e-03
1.003190060146152973e-03
3.102550981566309929e-04
7.775624748319387436e-03
-1.919855596497654915e-03
-7.474430836737155914e-03
