-1.047686859965324402e-02
1.919524744153022766e-02
4.498977679759263992e-03
-1.453230623155832291e-03
-4.997037816792726517e-03
9.573162533342838287e-03
8.681080304086208344e-03
7.456767838448286057e-03
-3.129805205389857292e-03
-9.419990703463554382e-03
1.325268391519784927e-02
1.191115286201238632e-02
7.634628564119338989e-03
5.494119599461555481e-03
5.335906054824590683e-03
-2.839091233909130096e-03
2.505286596715450287e-02
3.210897091776132584e-03
-4.423894919455051422e-03
-1.752940751612186432e-02
3.040143754333257675e-03
6.763044744729995728e-03
2.492635743692517281e-03
-7.027043960988521576e-03
-4.347580019384622574e-03
-4.012462217360734940e-03
3.018210874870419502e-03
4.174089059233665466e-03
-1.116960309445858002e-02
-1.369344443082809448e-02
1.289915200322866440e-02
-1.487385830841958523e-03
-7.760026026517152786e-03
-4.143808502703905106e-03
-8.576113730669021606e-03
-3.700218629091978073e-03
-1.219256781041622162e-03
1.738476916216313839e-03
-7.843415951356291771e-04
9.498792351223528385e-04
-3.295653499662876129e-03
2.389280591160058975e-03
-5.244046449661254883e-03
2.859385916963219643e-03
4.941594786942005157e-03
4.088387504452839494e-05
4.696452524513006210e-03
4.410855937749147415e-03
-1.128588337451219559e-02
