-7.844739593565464020e-04
-9.616758907213807106e-04
2.427770814392715693e-04
5.022891564294695854e-04
-5.893347552046179771e-04
-6.863023827463621274e-06
4.187329031992703676e-04
1.067243632860481739e-03
-1.760370912961661816e-03
2.675576601177453995e-03
2.981456054840236902e-04
-4.654800868593156338e-04
1.087228883989155293e-03
5.373983294703066349e-04
1.333766151219606400e-03
-1.585065736435353756e-03
-1.546921412227675319e-04
1.198568381369113922e-03
-2.634456322994083166e-04
-4.316349804867058992e-04
1.064785290509462357e-03
-9.653186862124130130e-05
-3.348645404912531376e-04
-9.973098058253526688e-04
-1.142852939665317535e-03
-5.560753634199500084e-04
-7.736252882750704885e-05
4.346690839156508446e-04
1.445364439859986305e-03
1.854744623415172100e-04
-1.396809006109833717e-03
-3.632565785665065050e-04
-1.420816057361662388e-03
-2.156996779376640916e-04
5.201181629672646523e-04
-5.919605609960854053e-05
4.599909589160233736e-04
2.618815924506634474e-04
-6.625844980590045452e-04
-2.280650805914774537e-04
1.549942302517592907e-03
2.484745346009731293e-04
-4.357224388513714075e-04
4.333437827881425619e-04
1.105765346437692642e-03
4.152050532866269350e-04
-3.542609629221260548e-04
-7.598508964292705059e-04
9.847243927652016282e-05
