1.859445311129093170e-02
7.165123242884874344e-03
3.898133756592869759e-03
-3.571852343156933784e-03
-1.595107093453407288e-02
-2.447320846840739250e-03
-5.700370296835899353e-03
-6.834879517555236816e-03
-1.442285371012985706e-03
5.875878501683473587e-03
4.441596101969480515e-03
1.006388221867382526e-03
-7.298712152987718582e-04
3.740424988791346550e-03
4.090979229658842087e-03
7.259848993271589279e-03
-4.275467712432146072e-03
4.345223773270845413e-03
-4.521094728261232376e-03
-3.675290849059820175e-03
9.024833329021930695e-03
-9.581272606737911701e-04
-1.170496339909732342e-03
4.362006671726703644e-03
1.039316691458225250e-02
-7.797781727276742458e-04
4.908557049930095673e-03
5.638935836032032967e-04
7.482471410185098648e-04
-2.984590129926800728e-03
-2.766440855339169502e-03
-7.427821401506662369e-03
2.981524216011166573e-03
5.051204003393650055e-03
1.188578084111213684e-02
4.350849427282810211e-03
1.143520604819059372e-02
3.131513018161058426e-03
7.687887176871299744e-03
-1.918994967127218843e-04
2.763116965070366859e-03
-4.191720392554998398e-03
2.112373709678649902e-03
-6.201445939950644970e-04
1.361856557196006179e-04
-1.314551685936748981e-03
4.594438243657350540e-03
-6.759347859770059586e-03
1.062233699485659599e-03
