5.247827619314193726e-03
2.768133068457245827e-03
-7.893159985542297363e-03
-4.859114065766334534e-03
1.995891705155372620e-02
-5.899942945688962936e-03
1.163656450808048248e-02
1.105369534343481064e-02
1.126655377447605133e-03
3.053358756005764008e-03
6.207683589309453964e-03
7.066620979458093643e-03
3.704644273966550827e-03
1.562217716127634048e-03
-5.806847475469112396e-04
-9.791049174964427948e-03
3.810160094872117043e-03
1.113869249820709229e-02
-2.101711106661241502e-05
-6.953569245524704456e-04
5.450445692986249924e-03
-1.887084916234016418e-03
-2.171631203964352608e-03
-1.611116109415888786e-03
7.093983236700296402e-03
2.401907113380730152e-04
3.420913591980934143e-03
-1.605034107342362404e-03
-3.965674433857202530e-03
-2.769573358818888664e-03
-3.910219296813011169e-03
-1.462241169065237045e-03
-2.550004050135612488e-03
-2.159104216843843460e-03
5.431805737316608429e-03
-1.517761615104973316e-03
2.938154852017760277e-03
4.240641370415687561e-03
3.226045519113540649e-03
-1.439901185221970081e-03
-7.026293314993381500e-04
8.038876578211784363e-03
8.223543409258127213e-04
1.610744977369904518e-03
1.842888304963707924e-03
-2.968064742162823677e-03
3.142362460494041443e-03
-1.838341588154435158e-03
-6.085482891649007797e-03
