-3.028404607903212309e-04
-1.451959554105997086e-02
2.066523395478725433e-02
1.965620554983615875e-03
-1.042022556066513062e-02
-7.846494205296039581e-03
-4.842370282858610153e-03
-9.132470586337149143e-04
-5.411501042544841766e-03
2.518950216472148895e-02
2.293201396241784096e-03
5.583406891673803329e-03
-1.623382209800183773e-03
2.767436672002077103e-03
-1.735065365210175514e-03
-6.893238605698570609e-05
-4.790094681084156036e-03
2.277321647852659225e-03
3.006324986927211285e-04
-2.774418797343969345e-03
4.521846771240234375e-03
-3.770511597394943237e-03
-1.536283292807638645e-03
-1.754771801643073559e-04
4.491201601922512054e-03
-2.732464345172047615e-03
3.281773766502737999e-03
4.359333543106913567e-04
4.848416894674301147e-03
-1.694203121587634087e-03
-3.469899296760559082e-03
-4.188087768852710724e-03
3.971860744059085846e-03
-1.823285943828523159e-03
5.174763035029172897e-03
2.091824280796572566e-04
3.298935480415821075e-03
-1.393598271533846855e-03
3.166126087307929993e-03
1.297867973335087299e-03
8.104398846626281738e-03
-3.682492999359965324e-03
-4.281709843780845404e-04
-1.283193938434123993e-03
8.456636220216751099e-03
-2.334483200684189796e-03
-1.960883528226986527e-04
-5.905562546104192734e-03
1.527076237834990025e-03
