1.128766871988773346e-02
-5.599354859441518784e-03
2.262796461582183838e-02
3.015901427716016769e-03
-1.452615857124328613e-02
6.388872134266421199e-05
-1.314846915192902088e-03
-3.631830215454101562e-03
-3.995908424258232117e-03
2.007292397320270538e-02
1.696822931990027428e-03
5.311169661581516266e-03
-2.548298507463186979e-04
2.997936215251684189e-03
2.685895015019923449e-04
6.369002163410186768e-03
2.144628670066595078e-03
2.476658904924988747e-03
1.446742797270417213e-03
1.770453178323805332e-03
9.047821164131164551e-03
-5.496764555573463440e-03
2.763764932751655579e-04
6.264920230023562908e-04
1.207867544144392014e-02
-2.879970008507370949e-03
5.051553715020418167e-03
3.220972605049610138e-03
6.814284715801477432e-03
-2.843615133315324783e-03
-3.393948078155517578e-03
-3.596513764932751656e-03
2.779531991109251976e-03
-6.343655288219451904e-03
1.021116133779287338e-02
5.659726914018392563e-03
7.914026267826557159e-03
4.603282432071864605e-04
4.124464932829141617e-03
2.364283893257379532e-03
-2.033144468441605568e-03
2.465220633894205093e-03
5.313670262694358826e-03
-4.075772594660520554e-03
6.107572931796312332e-03
-2.941398182883858681e-03
-1.541928213555365801e-04
-5.241144914180040359e-03
-1.551689463667571545e-03
