8.709590882062911987e-03
6.289289332926273346e-03
-1.283289585262537003e-02
1.091275014914572239e-03
-6.915639969520270824e-04
2.512893988750874996e-04
3.304559271782636642e-03
-1.200028273160569370e-04
-2.738746406976133585e-04
-7.345133926719427109e-03
1.186617370694875717e-02
9.740290232002735138e-03
5.429033190011978149e-03
4.500916693359613419e-03
6.265927571803331375e-03
-5.999855697154998779e-03
4.374282900243997574e-03
1.271943654865026474e-02
-1.575557049363851547e-03
-1.962130656465888023e-03
9.304980747401714325e-03
2.539746928960084915e-04
3.719645610544830561e-05
2.264787210151553154e-03
1.100898161530494690e-02
-7.277005352079868317e-03
5.177857354283332825e-03
3.134051075903698802e-05
-1.294610556215047836e-03
-8.626932278275489807e-03
3.528841771185398102e-03
-1.644862000830471516e-03
-3.641317831352353096e-03
-4.334390163421630859e-03
1.287154387682676315e-02
4.302980960346758366e-04
1.015066355466842651e-02
4.396806471049785614e-03
2.334393793717026711e-03
2.836266532540321350e-03
-1.484296633861958981e-03
2.092673443257808685e-03
-1.345867640338838100e-03
2.692721551284193993e-03
1.759803039021790028e-03
-1.733286189846694469e-03
1.054545398801565170e-02
-5.153913982212543488e-03
-5.520470440387725830e-03
