-3.938120789825916290e-04
-1.529869623482227325e-02
2.558924071490764618e-02
-3.790259361267089844e-03
-1.208018977195024490e-02
-5.158747546374797821e-03
-5.061054602265357971e-03
-1.702286186628043652e-03
-5.689329933375120163e-03
1.033400557935237885e-02
-8.103760046651586890e-05
4.460966214537620544e-03
-4.607431183103471994e-04
-1.100032357499003410e-03
-1.732331351377069950e-03
7.831016409909352660e-05
-5.969042424112558365e-03
-2.133732661604881287e-03
-1.203941297717392445e-03
-3.480010898783802986e-03
1.808691187761723995e-03
-4.715844057500362396e-03
-1.533561618998646736e-03
-8.534698281437158585e-04
1.397913903929293156e-03
-1.458469196222722530e-03
2.131535438820719719e-03
-7.969927391968667507e-04
3.989713266491889954e-03
-6.640108185820281506e-04
-5.015663336962461472e-03
-5.335513502359390259e-03
1.470924122259020805e-03
-2.396906726062297821e-03
4.514080472290515900e-03
-3.010850166901946068e-03
5.501880077645182610e-04
-3.268535947427153587e-03
1.131753786467015743e-03
4.895863239653408527e-04
1.657045073807239532e-02
-5.543007981032133102e-03
-3.431472694501280785e-03
-2.194217086071148515e-05
7.818760350346565247e-03
-2.570998389273881912e-03
-5.340471980161964893e-04
-4.463077522814273834e-03
1.829540822654962540e-03
