2.460918761789798737e-02
6.879062391817569733e-03
2.038611285388469696e-02
4.315738566219806671e-03
-1.769322715699672699e-02
-1.365119707770645618e-03
-4.639247432351112366e-03
-1.031183637678623199e-02
-1.227285363711416721e-03
1.695585809648036957e-02
5.902673001401126385e-04
8.065836154855787754e-04
-5.923806224018335342e-03
6.055980455130338669e-03
-3.668606514111161232e-04
8.045130409300327301e-03
-1.166653726249933243e-02
2.265518298372626305e-03
-3.664309391751885414e-03
-5.535342497751116753e-04
9.236651472747325897e-03
-7.273847702890634537e-03
2.064558648271486163e-04
1.960481982678174973e-03
1.110555417835712433e-02
5.378117784857749939e-04
3.409935627132654190e-03
1.791756367310881615e-03
5.949278362095355988e-03
-6.317137158475816250e-04
-6.058429833501577377e-03
-7.742216810584068298e-03
5.559734534472227097e-03
1.033285167068243027e-02
1.231942418962717056e-02
8.352279663085937500e-03
1.412865240126848221e-02
3.248532535508275032e-03
1.046053506433963776e-02
-4.363119369372725487e-04
1.733977464027702808e-03
-2.377422526478767395e-03
9.294447489082813263e-03
-4.450923763215541840e-03
1.465979148633778095e-03
-4.601065535098314285e-03
-1.785409112926572561e-04
-8.272868581116199493e-03
-2.136950206477195024e-05
