8.143895305693149567e-03
-1.277032028883695602e-02
2.037156186997890472e-02
9.524445049464702606e-04
-1.381713990122079849e-02
-9.002804756164550781e-03
-6.486964877694845200e-03
-3.953287843614816666e-03
-4.979340359568595886e-03
1.092102471739053726e-02
2.337929981877095997e-05
6.275585852563381195e-03
-2.195973414927721024e-03
2.143707824870944023e-03
1.545085455290973186e-03
-2.182682219427078962e-04
-6.636779289692640305e-03
1.720136962831020355e-03
-2.184106037020683289e-03
-4.049580544233322144e-03
5.685384385287761688e-03
-6.653363350778818130e-03
-6.031889352016150951e-04
2.045327564701437950e-03
8.377833291888237000e-03
-3.333093132823705673e-03
3.739879233762621880e-03
-4.516785265877842903e-04
6.987334229052066803e-03
-8.526440942659974098e-04
-7.518793456256389618e-03
-8.303687907755374908e-03
2.822451293468475342e-03
-1.405097078531980515e-03
7.862885482609272003e-03
2.332550240680575371e-03
1.152094174176454544e-02
-3.816810902208089828e-03
2.018538070842623711e-03
-1.528546272311359644e-04
1.201821584254503250e-02
-6.151160225272178650e-03
1.695139682851731777e-03
-3.289007814601063728e-03
6.715285126119852066e-03
-1.967763761058449745e-03
6.854415987618267536e-04
-4.904635716229677200e-03
2.733848232310265303e-04
