1.264908537268638611e-02
1.177355553954839706e-02
-3.514725482091307640e-03
-2.122981473803520203e-03
5.686027929186820984e-03
-4.911473952233791351e-03
5.395765881985425949e-03
1.280996017158031464e-03
3.709165612235665321e-03
3.621409879997372627e-03
3.619192866608500481e-03
1.715139718726277351e-03
-2.978947013616561890e-03
4.692317452281713486e-03
2.743880497291684151e-03
-2.941218437626957893e-03
-3.007147461175918579e-03
6.899897009134292603e-03
-1.425373950041830540e-03
-2.965257037431001663e-03
8.148249238729476929e-03
-3.306162543594837189e-03
-1.089767203666269779e-03
2.537507098168134689e-03
8.033835329115390778e-03
2.130351494997739792e-03
4.155375063419342041e-03
5.748672410845756531e-04
-2.645330270752310753e-03
-3.976136911660432816e-03
-2.854132559150457382e-03
-6.648956332355737686e-03
9.828048059716820717e-04
5.383960437029600143e-03
6.912625860422849655e-03
2.962310798466205597e-03
8.595402352511882782e-03
4.748370498418807983e-03
7.618806790560483932e-03
-8.059181855060160160e-04
-2.090208930894732475e-03
4.393543116748332977e-03
4.557189997285604477e-03
4.571187600959092379e-04
-2.336101373657584190e-03
-7.820799364708364010e-04
4.471201915293931961e-03
-4.341524094343185425e-03
-2.817525528371334076e-03
