-9.328753221780061722e-04
-6.054629338905215263e-04
-1.311325002461671829e-03
-3.007475053891539574e-03
6.877061445266008377e-03
-1.548583968542516232e-03
4.171001724898815155e-03
8.349393494427204132e-03
4.419274919200688601e-04
-2.023704349994659424e-03
1.428139512427151203e-04
-2.214160049334168434e-04
1.944850548170506954e-03
2.718060044571757317e-03
-9.137567249126732349e-04
-6.023402791470289230e-03
2.112513466272503138e-04
2.588945906609296799e-03
7.980823284015059471e-04
-9.466873598285019398e-04
5.275691859424114227e-03
-1.446302165277302265e-03
-1.461247593397274613e-04
-7.229512557387351990e-04
9.144403884420171380e-05
-2.517328364774584770e-03
-2.130657201632857323e-03
-6.184098310768604279e-04
2.495550317689776421e-03
1.172397387563250959e-04
-2.023818204179406166e-03
3.639132482931017876e-04
-1.141603454016149044e-03
1.329658407485112548e-04
-1.172302640043199062e-03
-9.688107529655098915e-04
-4.505569580942392349e-03
2.112101996317505836e-03
1.619777991436421871e-03
-3.325123107060790062e-04
-1.137479906901717186e-03
4.705150611698627472e-03
5.600524018518626690e-04
2.789950463920831680e-03
1.352957333438098431e-04
-4.954314208589494228e-04
-3.878577379509806633e-03
-4.434019210748374462e-04
-8.031756151467561722e-04
