-4.485641838982701302e-04
1.205748878419399261e-02
1.844093785621225834e-03
2.208744874224066734e-03
-6.454671733081340790e-03
6.891553755849599838e-03
4.098885226994752884e-03
2.631190582178533077e-04
-2.517038257792592049e-03
-3.404783084988594055e-03
1.153569109737873077e-02
1.081165578216314316e-02
9.198168292641639709e-03
2.369112102314829826e-03
2.463703043758869171e-03
-8.787552826106548309e-03
1.688133366405963898e-02
2.876725513488054276e-03
5.720032495446503162e-04
-8.914976380765438080e-03
4.159502685070037842e-03
5.250982474535703659e-03
1.359250629320740700e-03
-3.783597610890865326e-03
2.141105011105537415e-03
-5.027441773563623428e-03
3.254913259297609329e-03
1.368565135635435581e-03
-9.677565656602382660e-03
-8.306815288960933685e-03
8.805979043245315552e-03
3.249645465984940529e-03
-3.079036017879843712e-03
-7.659368682652711868e-03
-2.553165890276432037e-03
-3.167247166857123375e-03
-5.335866590030491352e-04
-2.251417143270373344e-03
-3.073902043979614973e-04
-1.414338592439889908e-03
-1.424551825039088726e-03
2.312405267730355263e-03
-1.592164160683751106e-03
3.573842812329530716e-03
4.322610329836606979e-03
5.304893129505217075e-04
4.075001459568738937e-03
2.874196274206042290e-03
-7.447137497365474701e-03
