1.041139569133520126e-02
3.963786642998456955e-03
1.508813351392745972e-02
-4.195015877485275269e-03
-1.197211723774671555e-02
-3.416507272049784660e-03
-3.640538547188043594e-03
-4.750423599034547806e-03
-3.185598179697990417e-03
3.013897128403186798e-02
1.578204683028161526e-03
-1.402542227879166603e-03
-1.090013887733221054e-03
4.812780767679214478e-03
-1.144428504630923271e-03
1.280324067920446396e-02
-6.583786103874444962e-03
2.766545629128813744e-03
1.147565897554159164e-03
-4.284176975488662720e-03
5.536166485399007797e-03
-4.247043747454881668e-03
-8.848439028952270746e-05
7.217795937322080135e-04
9.122708812355995178e-03
-1.417352468706667423e-03
3.068704390898346901e-03
2.421742072328925133e-03
1.704251510091125965e-03
-1.014055102132260799e-03
-2.060266211628913879e-03
-3.537396667525172234e-03
3.844479331746697426e-03
4.552167374640703201e-03
3.424586029723286629e-03
6.293556187301874161e-03
1.147838030010461807e-02
3.428711090236902237e-03
7.977934554219245911e-03
1.098306383937597275e-03
-8.458440424874424934e-04
1.136987353675067425e-03
3.649127669632434845e-03
-3.427385352551937103e-03
-2.054428623523563147e-04
-3.163171000778675079e-03
-3.436297876760363579e-03
-6.264987867325544357e-03
2.372581511735916138e-03
