5.941999144852161407e-03
5.390975158661603928e-03
-1.991980709135532379e-03
-7.928418344818055630e-04
-1.401701662689447403e-02
2.537228865548968315e-03
-3.401447611395269632e-04
2.224637661129236221e-03
-2.517024520784616470e-03
-7.293499540537595749e-03
1.141003984957933426e-02
9.266193956136703491e-03
8.515296503901481628e-03
4.353977739810943604e-03
6.979835685342550278e-03
-6.375344470143318176e-03
1.750698499381542206e-02
5.220865830779075623e-03
-1.092563266865909100e-03
-8.872916921973228455e-03
6.613324396312236786e-03
2.022950939135625958e-04
2.091223374009132385e-03
3.555608680471777916e-03
6.915911566466093063e-03
-8.496576920151710510e-03
5.566214211285114288e-03
5.559754790738224983e-04
-3.158044768497347832e-03
-7.088686805218458176e-03
1.435973797924816608e-03
-8.001942187547683716e-04
-3.344997065141797066e-03
-1.226902753114700317e-02
7.792464923113584518e-03
-1.065823162207379937e-04
4.663819447159767151e-03
-4.851819947361946106e-03
7.869343971833586693e-04
-1.578007475472986698e-03
3.046599449589848518e-03
-2.909064991399645805e-03
-5.772231612354516983e-03
1.583931501954793930e-03
5.059165880084037781e-03
2.688356209546327591e-03
6.960559170693159103e-03
1.300966250710189342e-03
-6.661114748567342758e-03
