4.576414648909121752e-04
-2.741629024967551231e-03
-6.329065072350203991e-04
-2.507017692551016808e-03
6.847899407148361206e-03
-2.007991075515747070e-03
5.241552367806434631e-03
8.738895878195762634e-03
3.879230644088238478e-04
9.875568794086575508e-04
-3.269839362474158406e-05
1.934406580403447151e-03
1.559280441142618656e-03
1.908534788526594639e-03
-2.051735064014792442e-03
-5.993213504552841187e-03
-1.131539931520819664e-03
2.557768020778894424e-03
5.753585719503462315e-04
-1.293712179176509380e-03
4.406745079904794693e-03
-1.889879815280437469e-03
-1.073917024768888950e-03
-2.682809099496807903e-05
9.089586674235761166e-04
-1.591454609297215939e-03
-1.291644293814897537e-03
-1.013296423479914665e-03
2.549131168052554131e-03
-9.702354436740279198e-04
-2.151940483599901199e-03
6.490027881227433681e-04
7.161759422160685062e-04
-2.274366706842556596e-04
-2.106784842908382416e-03
-1.422247616574168205e-03
-2.626500558108091354e-03
1.802549581043422222e-03
4.242485447321087122e-04
-7.475985912606120110e-04
-3.201885847374796867e-04
4.860568325966596603e-03
2.283341251313686371e-03
2.753967419266700745e-03
1.095931627787649632e-03
-9.401494171470403671e-04
-1.938356668688356876e-03
-1.384964329190552235e-03
-6.526680663228034973e-04
