1.090343389660120010e-02
-5.452095065265893936e-03
1.288783363997936249e-02
6.475891917943954468e-03
-1.332120504230260849e-02
-5.439667496830224991e-03
-6.330862641334533691e-03
-6.163282785564661026e-03
-3.081233473494648933e-03
1.428829412907361984e-02
1.569355954416096210e-03
4.865489900112152100e-03
-3.800349775701761246e-03
4.715377930551767349e-03
1.280780299566686153e-03
1.924134441651403904e-03
-7.433819584548473358e-03
2.544470829889178276e-03
-4.295160993933677673e-03
-1.679327338933944702e-03
6.357754115015268326e-03
-5.319562740623950958e-03
-6.353280623443424702e-04
1.612538937479257584e-03
7.022403180599212646e-03
-2.119729993864893913e-03
3.663943149149417877e-03
-1.509102876298129559e-04
5.222915671765804291e-03
-1.789107220247387886e-03
-3.880421165376901627e-03
-7.404975593090057373e-03
4.203699529170989990e-03
4.245362244546413422e-03
1.086302939802408218e-02
5.483463406562805176e-03
1.064359210431575775e-02
2.119318960467353463e-04
6.544844247400760651e-03
-5.038134404458105564e-04
5.719317588955163956e-03
-4.118219483643770218e-03
4.120619501918554306e-03
-1.833923161029815674e-03
3.327880054712295532e-03
-2.618628786876797676e-03
1.536272931843996048e-03
-5.182927940040826797e-03
8.166548650478944182e-05
