6.228526588529348373e-03
5.105649586766958237e-03
-1.084090489894151688e-02
-3.851052140817046165e-03
1.828346773982048035e-02
-3.551600733771920204e-03
8.986773900687694550e-03
1.171864382922649384e-02
4.826223303098231554e-04
4.553179256618022919e-03
9.669595398008823395e-03
6.948827765882015228e-03
1.145392376929521561e-02
1.636915141716599464e-03
3.060068120248615742e-04
-8.154878392815589905e-03
9.012752561829984188e-04
1.329424977302551270e-02
1.849546679295599461e-03
-4.924462642520666122e-03
4.643923137336969376e-03
-2.896823454648256302e-03
-1.107621355913579464e-03
6.418934208340942860e-04
7.791513111442327499e-03
-1.720303320325911045e-03
4.203762859106063843e-03
-1.403292291797697544e-03
-5.222998559474945068e-03
-2.791851991787552834e-03
-1.201764680445194244e-04
-3.538845106959342957e-03
-2.731042681261897087e-03
-5.221353843808174133e-03
3.258840180933475494e-03
-1.822743215598165989e-03
2.968503395095467567e-03
3.542341291904449463e-03
4.029026720672845840e-03
3.313234265078790486e-05
-3.987897653132677078e-03
1.075887773185968399e-02
-1.880970434285700321e-03
4.735275637358427048e-03
-5.286085652187466621e-04
-2.434215421089902520e-04
2.564222086220979691e-03
-2.193462103605270386e-03
-5.465415772050619125e-03
